# components number: 9

# current component: 0
# E: 0.07023458080389237 ; D: 0.1944687776000184 ; st_dev: 0.4409861421859177

# current component: 1
# E: 0.07990013488110684 ; D: 0.19127301286345844 ; st_dev: 0.4373477024787697

# current component: 2
# E: 0.06756685831728218 ; D: 0.17595999095092746 ; st_dev: 0.41947585264342385

# current component: 3
# E: -0.22692084533130477 ; D: 0.43281837854060123 ; st_dev: 0.6578893360897418

# current component: 4
# E: -0.22401512720941086 ; D: 0.3953944421684598 ; st_dev: 0.628803977538676

# current component: 5
# E: -0.21905765370628194 ; D: 0.40596829539601076 ; st_dev: 0.6371564136034501

# current component: 6
# E: 0.13414743463279913 ; D: 0.396229944807802 ; st_dev: 0.6294679855304811

# current component: 7
# E: 0.15372927231940095 ; D: 0.37364302648651426 ; st_dev: 0.6112634673252724

# current component: 8
# E: 0.16441534529251617 ; D: 0.405778465618081 ; st_dev: 0.6370074297981783
# components number: 9
# EE: (must be zero values): 1.8829382497642654E-16, -7.993605777301126E-18, 1.0524914273446483E-16, -9.947598300641403E-17, -4.405364961712621E-16, 9.769962616701377E-18, 1.616484723854228E-16, 2.4069635173873395E-16, -6.039613253960852E-17, 
cov_mtx:
Matrix{
0.9999999999999998	0.6608579632603295	0.6207945693679248	-0.2841302098839615	-0.2602846476559604	-0.29308983748056483	-0.20692417744263608	-0.27147784027531435	-0.24628319917501948	
0.6608579632603295	1.0000000000000004	0.6398486074018827	-0.36517773537833786	-0.3246179657248909	-0.3283627338641989	-0.16432679179272397	-0.19482287492831574	-0.19005329027052206	
0.6207945693679248	0.6398486074018827	0.9999999999999997	-0.2514894310987854	-0.24101288629970086	-0.2705227280128587	-0.23342313978639176	-0.3119806961928699	-0.2293094290192977	
-0.2841302098839615	-0.36517773537833786	-0.2514894310987854	1.0000000000000004	0.8396011499098803	0.8391968868272724	-0.7274881549704958	-0.689353370437075	-0.7075673363611821	
-0.2602846476559604	-0.3246179657248909	-0.24101288629970086	0.8396011499098803	1.0000000000000004	0.8216972705124532	-0.7300820051257927	-0.7062493296867074	-0.7152172675820875	
-0.29308983748056483	-0.3283627338641989	-0.2705227280128587	0.8391968868272724	0.8216972705124532	1.0000000000000013	-0.7233978596322541	-0.6815766320152343	-0.7027043997807567	
-0.20692417744263608	-0.16432679179272397	-0.23342313978639176	-0.7274881549704958	-0.7300820051257927	-0.7233978596322541	0.9999999999999996	0.842524348076815	0.8087259270783058	
-0.27147784027531435	-0.19482287492831574	-0.3119806961928699	-0.689353370437075	-0.7062493296867074	-0.6815766320152343	0.842524348076815	0.999999999999998	0.8258422366485224	
-0.24628319917501948	-0.19005329027052206	-0.2293094290192977	-0.7075673363611821	-0.7152172675820875	-0.7027043997807567	0.8087259270783058	0.8258422366485224	1.0000000000000002	
}

cov_mtx_2:
Matrix{
0.9999999999999998	0.6608579632603295	0.6207945693679248	-0.2841302098839615	-0.2602846476559604	-0.29308983748056483	-0.20692417744263608	-0.27147784027531435	-0.24628319917501948	
0.6608579632603295	1.0000000000000004	0.6398486074018827	-0.36517773537833786	-0.3246179657248909	-0.3283627338641989	-0.16432679179272397	-0.19482287492831574	-0.19005329027052206	
0.6207945693679248	0.6398486074018827	0.9999999999999997	-0.2514894310987854	-0.24101288629970086	-0.2705227280128587	-0.23342313978639176	-0.3119806961928699	-0.2293094290192977	
-0.2841302098839615	-0.36517773537833786	-0.2514894310987854	1.0000000000000004	0.8396011499098803	0.8391968868272724	-0.7274881549704958	-0.689353370437075	-0.7075673363611821	
-0.2602846476559604	-0.3246179657248909	-0.24101288629970086	0.8396011499098803	1.0000000000000004	0.8216972705124532	-0.7300820051257927	-0.7062493296867074	-0.7152172675820875	
-0.29308983748056483	-0.3283627338641989	-0.2705227280128587	0.8391968868272724	0.8216972705124532	1.0000000000000013	-0.7233978596322541	-0.6815766320152343	-0.7027043997807567	
-0.20692417744263608	-0.16432679179272397	-0.23342313978639176	-0.7274881549704958	-0.7300820051257927	-0.7233978596322541	0.9999999999999996	0.842524348076815	0.8087259270783058	
-0.27147784027531435	-0.19482287492831574	-0.3119806961928699	-0.689353370437075	-0.7062493296867074	-0.6815766320152343	0.842524348076815	0.999999999999998	0.8258422366485224	
-0.24628319917501948	-0.19005329027052206	-0.2293094290192977	-0.7075673363611821	-0.7152172675820875	-0.7027043997807567	0.8087259270783058	0.8258422366485224	1.0000000000000002	
}

# decompose debug:
!!! eigenVector sum : 0.9999999999999998 : [-0.028460307016980244, -0.061031934122516306, -0.016656049128189295, 0.4155382969878452, 0.415593064815073, 0.41213445656130737, -0.4052444719591785, -0.39637557996082456, -0.39825434769180057]
!!! eigenVector sum : 1.0000000000000007 : [0.5198810514234704, 0.5202036989347104, 0.5150837586289904, -0.15802789379425827, -0.14009769729216423, -0.15662247281031494, -0.18475170574917033, -0.2259713927896002, -0.19867934832984188]
!!! eigenVector sum : 1.0000000000000016 : [-0.5303910517995108, -0.24904881001213935, 0.7889900997573622, 0.042510199842572025, -0.015147932642671216, -0.04224482945951275, -0.018397579262766913, -0.09718706026557745, 0.14335147962806224]
!!! eigenVector sum : 1.0000000000000007 : [0.609690686749932, -0.7557300914446771, 0.14294136198368568, 0.07801324024116996, 0.013940932886811887, -0.12526719326934616, 0.07017446162692084, -0.08688830057111958, 0.047652340935570386]
!!! eigenVector sum : 1.000000000000001 : [-0.07811246565659763, -0.027053996314187336, 0.10024418881304338, 0.0275800607511582, 0.08674504490960518, -0.10283210398882865, 0.6230632903373478, 0.13238779907231746, -0.7473442508739223]
!!! eigenVector sum : 1.0 : [0.0473843990905066, -0.08744096446516078, 0.06645997388340728, 0.09990503324520952, -0.7327500832454915, 0.620159223159603, -0.029289486684442947, 0.1726230843998909, -0.1534082878978757]
!!! eigenVector sum : 0.9999999999999997 : [0.019594939714472556, -0.04702754542847908, -3.035695718712435E-4, -0.6658946967863948, 0.19560498146492447, 0.4878446087314468, 0.30874568833289495, -0.4112762300013872, 0.11516466678321824]
!!! eigenVector sum : 0.9999999999999996 : [-0.04125054982390278, 0.1324842192095404, -0.13338880195785008, 0.4411911787972667, -0.3024265744525151, -0.13547969077163352, 0.42266924581769216, -0.657734184948753, 0.21731075929744983]
!!! eigenVector sum : 1.0000000000000013 : [-0.2558200419541485, -0.25370935023509383, -0.24334172881276486, -0.38164754276724916, -0.364774863712299, -0.36962018727262197, -0.3651600607424784, -0.3545994553957293, -0.36953376042227626]
# pca debug: 
[4.800377244380401, 2.8067967546839787, 0.38847624322659985, 0.3399250802984273, 0.19004435835973219, 0.17750083172970935, 0.15492771247040016, 0.1419517748507518, 0.0]
# eigen 0:
4.800377244380401
[-0.028460307016980244, -0.061031934122516306, -0.016656049128189295, 0.4155382969878452, 0.415593064815073, 0.41213445656130737, -0.4052444719591785, -0.39637557996082456, -0.39825434769180057]
# eigen 1:
2.8067967546839787
[0.5198810514234704, 0.5202036989347104, 0.5150837586289904, -0.15802789379425827, -0.14009769729216423, -0.15662247281031494, -0.18475170574917033, -0.2259713927896002, -0.19867934832984188]

# components number: 2
# EE: (must be zero values): -3.730349362740526E-16, 1.829647544582258E-16, 
cov_mtx_pca_mtx:
Matrix{
4.800377244380404	4.760636329592672E-16	
4.760636329592672E-16	2.806796754683982	
}

# components number: 2

# current component: 0
# E: -3.730349362740526E-16 ; D: 4.800377244380404 ; st_dev: 2.1909763221861627

# current component: 1
# E: 1.829647544582258E-16 ; D: 2.8067967546839823 ; st_dev: 1.6753497410045408
# components number: 2
# EE: (must be zero values): -7.993605777301126E-18, -2.398081733190338E-17, 
cov_final_mtx:
Matrix{
0.9999999999999991	9.947598300641403E-17	
9.947598300641403E-17	0.9999999999999994	
}

