# components number: 9

# current component: 0
# E: 0.03279739259884805 ; D: 1.1769620722186194 ; st_dev: 1.0848788283576278

# current component: 1
# E: 0.07145960890770549 ; D: 1.106401400886429 ; st_dev: 1.0518561692961776

# current component: 2
# E: 0.02212650265240685 ; D: 0.9406485445754184 ; st_dev: 0.9698703751406259

# current component: 3
# E: -0.22991712364192302 ; D: 1.2656155908640994 ; st_dev: 1.1249958181540496

# current component: 4
# E: -0.2182942511543478 ; D: 1.160037153262085 ; st_dev: 1.0770502092577137

# current component: 5
# E: -0.19846435714183167 ; D: 1.162384241139452 ; st_dev: 1.0781392494197826

# current component: 6
# E: 0.10696441146462209 ; D: 1.2089212524917052 ; st_dev: 1.0995095508869877

# current component: 7
# E: 0.18529176221102983 ; D: 1.1210119783293653 ; st_dev: 1.058778531294135

# current component: 8
# E: 0.22803605410349054 ; D: 1.4112456107033164 ; st_dev: 1.187958589641624
# components number: 9
# EE: (must be zero values): -7.149836278586008E-17, -7.94919685631612E-17, -5.329070518200751E-17, 7.727152251391089E-17, -1.1879386363489175E-17, 9.237055564881302E-17, -1.0658141036401502E-16, -1.9984014443252816E-18, -8.260059303211165E-17, 
cov_mtx:
Matrix{
1.0	0.08328687841480371	-0.06390602081419325	-0.20340787811403396	-0.08251825382256184	-0.21017511510710768	-0.12785063819729822	-0.18151789073572733	-0.19650221118753325	
0.08328687841480371	1.0000000000000016	-0.03547057222967941	-0.26657956433346797	-0.06614082995809795	-0.08570368980833842	-0.20977574180299974	-0.1403258422565554	-0.22311186857102197	
-0.06390602081419325	-0.03547057222967941	1.0000000000000007	-0.10012562485774616	-0.027004218752732484	-0.14775961186831382	-0.16888106364576425	-0.27074009709338953	-0.075641319619044	
-0.20340787811403396	-0.26657956433346797	-0.10012562485774616	0.999999999999999	0.11916473010875958	0.10889418496339627	-0.23855066819920412	-0.20390951181158903	-0.24780023848768187	
-0.08251825382256184	-0.06614082995809795	-0.027004218752732484	0.11916473010875958	1.0000000000000002	0.015217570039501391	-0.28096720252987417	-0.33763771963962674	-0.3163607428833994	
-0.21017511510710768	-0.08570368980833842	-0.14775961186831382	0.10889418496339627	0.015217570039501391	1.0000000000000004	-0.23725037883331274	-0.19181818143159837	-0.24547375143845312	
-0.12785063819729822	-0.20977574180299974	-0.16888106364576425	-0.23855066819920412	-0.28096720252987417	-0.23725037883331274	0.9999999999999999	0.16565308243335558	0.06315275257399634	
-0.18151789073572733	-0.1403258422565554	-0.27074009709338953	-0.20390951181158903	-0.33763771963962674	-0.19181818143159837	0.16565308243335558	0.9999999999999991	0.13977884225031284	
-0.19650221118753325	-0.22311186857102197	-0.075641319619044	-0.24780023848768187	-0.3163607428833994	-0.24547375143845312	0.06315275257399634	0.13977884225031284	1.0	
}

cov_mtx_2:
Matrix{
1.0	0.08328687841480371	-0.06390602081419325	-0.20340787811403396	-0.08251825382256184	-0.21017511510710768	-0.12785063819729822	-0.18151789073572733	-0.19650221118753325	
0.08328687841480371	1.0000000000000016	-0.03547057222967941	-0.26657956433346797	-0.06614082995809795	-0.08570368980833842	-0.20977574180299974	-0.1403258422565554	-0.22311186857102197	
-0.06390602081419325	-0.03547057222967941	1.0000000000000007	-0.10012562485774616	-0.027004218752732484	-0.14775961186831382	-0.16888106364576425	-0.27074009709338953	-0.075641319619044	
-0.20340787811403396	-0.26657956433346797	-0.10012562485774616	0.999999999999999	0.11916473010875958	0.10889418496339627	-0.23855066819920412	-0.20390951181158903	-0.24780023848768187	
-0.08251825382256184	-0.06614082995809795	-0.027004218752732484	0.11916473010875958	1.0000000000000002	0.015217570039501391	-0.28096720252987417	-0.33763771963962674	-0.3163607428833994	
-0.21017511510710768	-0.08570368980833842	-0.14775961186831382	0.10889418496339627	0.015217570039501391	1.0000000000000004	-0.23725037883331274	-0.19181818143159837	-0.24547375143845312	
-0.12785063819729822	-0.20977574180299974	-0.16888106364576425	-0.23855066819920412	-0.28096720252987417	-0.23725037883331274	0.9999999999999999	0.16565308243335558	0.06315275257399634	
-0.18151789073572733	-0.1403258422565554	-0.27074009709338953	-0.20390951181158903	-0.33763771963962674	-0.19181818143159837	0.16565308243335558	0.9999999999999991	0.13977884225031284	
-0.19650221118753325	-0.22311186857102197	-0.075641319619044	-0.24780023848768187	-0.3163607428833994	-0.24547375143845312	0.06315275257399634	0.13977884225031284	1.0	
}

# decompose debug:
!!! eigenVector sum : 1.0 : [0.05686890856450856, 0.10659878866759849, 0.13275073640299648, 0.3317208594474892, 0.4380707988790154, 0.29569332932940295, -0.42622561830787187, -0.462022068382534, -0.4280980024134141]
!!! eigenVector sum : 1.0 : [-0.5325876408133565, -0.5283541875354303, -0.2315912036416694, 0.4712769453501251, 0.05998716733395455, 0.33064690389100465, 0.09146629207544267, 0.16971170621286036, 0.10659189197461015]
!!! eigenVector sum : 0.9999999999999999 : [0.17778785508538214, 0.33432981470911705, -0.7295382769812514, -0.03990099905790996, -0.08148987243689955, 0.3369621884508175, 0.04380629674018372, 0.2815832719784252, -0.34843165732551185]
!!! eigenVector sum : 1.0000000000000004 : [0.4670619347357239, -0.4158307945022872, -0.22571473803949785, 0.24522070753405034, 0.3023343969620907, -0.4709392821718301, 0.3547533032973789, -0.04920770782031518, -0.2374791807811765]
!!! eigenVector sum : 1.0 : [0.44264604728530765, -0.17776707895515637, -0.22195969571573496, 0.23824676219381696, -0.21453515558404276, -0.027266611094470733, -0.6286222566014986, 0.042552458513297996, 0.47190069078361474]
!!! eigenVector sum : 1.0000000000000009 : [-0.3462600758936059, 0.27410076594986255, -0.2528023468049734, -0.061297784993610036, 0.6071418028342225, -0.4400703385133282, -0.26441695084093036, 0.24113371616167262, 0.21670583841385255]
!!! eigenVector sum : 1.0000000000000002 : [-0.106316659949629, 0.22087481736162237, 0.26134077443507825, 0.5156958418937254, -0.35576601241348, -0.35455910552496755, -0.1586320417770539, 0.42316864956131134, -0.3862025836198744]
!!! eigenVector sum : 1.0000000000000004 : [0.15716201992701198, -0.4054981291588597, 0.273791259836844, -0.3996823950354081, 0.23518157660869535, 0.1940317610520261, -0.27820084185303023, 0.5751265611490667, -0.2739319766965007]
!!! eigenVector sum : 1.0 : [0.33395548172034906, 0.32379020083709265, 0.29855272300475916, 0.3463045923329291, 0.33154561787714426, 0.33188085433160364, 0.3384592197070198, 0.3259210938688703, 0.3656862616336499]
# pca debug: 
[2.0041435670564294, 1.4937317102708194, 1.170097188215441, 1.0303704833304712, 0.896684160452244, 0.8807335495369426, 0.8115722614989361, 0.7126670796387167, 3.3306690738754696E-16]
# eigen 0:
2.0041435670564294
[0.05686890856450856, 0.10659878866759849, 0.13275073640299648, 0.3317208594474892, 0.4380707988790154, 0.29569332932940295, -0.42622561830787187, -0.462022068382534, -0.4280980024134141]
# eigen 1:
1.4937317102708194
[-0.5325876408133565, -0.5283541875354303, -0.2315912036416694, 0.4712769453501251, 0.05998716733395455, 0.33064690389100465, 0.09146629207544267, 0.16971170621286036, 0.10659189197461015]

# components number: 2
# EE: (must be zero values): 5.95079541199084E-17, 1.0724754417879012E-16, 
cov_mtx_pca_mtx:
Matrix{
2.0041435670564303	3.2818192607919627E-16	
3.2818192607919627E-16	1.4937317102708196	
}

# components number: 2

# current component: 0
# E: 5.95079541199084E-17 ; D: 2.0041435670564303 ; st_dev: 1.4156777765637314

# current component: 1
# E: 1.0724754417879012E-16 ; D: 1.4937317102708196 ; st_dev: 1.2221831737799451
# components number: 2
# EE: (must be zero values): 2.509104035652854E-17, 9.992007221626408E-18, 
cov_final_mtx:
Matrix{
1.0000000000000002	1.9384494009955233E-16	
1.9384494009955233E-16	0.9999999999999997	
}

