# components number: 12

# current component: 0
# E: 0.0016626590164111386 ; D: 0.07575627097156143 ; st_dev: 0.27523857100988125

# current component: 1
# E: 0.0013238136050293336 ; D: 0.07218974299785365 ; st_dev: 0.2686814898683079

# current component: 2
# E: 5.141645138410457E-4 ; D: 0.07613221864227623 ; st_dev: 0.27592067454664615

# current component: 3
# E: 0.0023634335996170273 ; D: 0.044593559294165766 ; st_dev: 0.21117187145584937

# current component: 4
# E: 0.0029532033746428174 ; D: 0.04795980910137318 ; st_dev: 0.21899728103648497

# current component: 5
# E: 0.0027112773881188272 ; D: 0.04222565374208325 ; st_dev: 0.20548881658641

# current component: 6
# E: -5.195939213758864E-4 ; D: 0.16688595229587946 ; st_dev: 0.40851677113171186

# current component: 7
# E: -5.368919427915846E-4 ; D: 0.17067443417822442 ; st_dev: 0.4131276245644007

# current component: 8
# E: -6.038617748794117E-4 ; D: 0.1728069089475004 ; st_dev: 0.41570050390575713

# current component: 9
# E: -0.004028309431673992 ; D: 0.1035067701955929 ; st_dev: 0.321724680737417

# current component: 10
# E: -0.002228835976708428 ; D: 0.09780747287802297 ; st_dev: 0.31274186300849294

# current component: 11
# E: -0.0036110584502307913 ; D: 0.11065802658209269 ; st_dev: 0.3326530122847119
# components number: 12
# EE: (must be zero values): -8.071487274676948E-17, -7.773619607474649E-18, 7.066486608913091E-17, 3.3794660941529195E-17, -7.147159102113714E-17, 4.359039032228775E-18, -2.4047365327795406E-17, -1.455434699094163E-17, -8.742294947969931E-18, 3.2268997280249123E-18, -4.5294653499471636E-17, -1.8490801405879338E-16, 
cov_mtx:
Matrix{
1.0000000000000064	0.9187875976970695	0.9058477519799562	0.23106194660123988	0.21852904810248877	0.2098942193778116	-0.6518810089185109	-0.6658685470424908	-0.6542604578802752	-0.1337528987699103	-0.08527232635777704	-0.08644030326639694	
0.9187875976970695	0.999999999999999	0.9019252323473992	0.21412242424685615	0.1670608963003073	0.19887316182431666	-0.6623227271408172	-0.6695167425966108	-0.6658990529302	-0.10858997163575287	-0.05508440652438031	-0.05096051991725448	
0.9058477519799562	0.9019252323473992	0.9999999999999902	0.22222494093256157	0.21251321639152287	0.18263817105166752	-0.6309900780401084	-0.6572768728862113	-0.6324021386274808	-0.14819506042524822	-0.08659849691787067	-0.0950328729854744	
0.23106194660123988	0.21412242424685615	0.22222494093256157	0.9999999999999988	0.7277329651125299	0.7845793751664464	-0.27438832402391006	-0.2930352570740782	-0.308681767994958	-0.35923851351830954	-0.35412552363458166	-0.38001133897016903	
0.21852904810248877	0.1670608963003073	0.21251321639152287	0.7277329651125299	0.9999999999999867	0.7177568749644307	-0.27751311290617525	-0.3029904561845542	-0.2852769538661811	-0.3344113837154604	-0.32348583625921173	-0.3545658167810802	
0.2098942193778116	0.19887316182431666	0.18263817105166752	0.7845793751664464	0.7177568749644307	0.9999999999999974	-0.28483995248460187	-0.2882353628567463	-0.2945841067244041	-0.3270411622410046	-0.35824005499347494	-0.345111438556935	
-0.6518810089185109	-0.6623227271408172	-0.6309900780401084	-0.27438832402391006	-0.27751311290617525	-0.28483995248460187	0.9999999999999937	0.9580997956126651	0.9588476280745768	-0.4853949706084186	-0.5242716889453592	-0.5232883893877027	
-0.6658685470424908	-0.6695167425966108	-0.6572768728862113	-0.2930352570740782	-0.3029904561845542	-0.2882353628567463	0.9580997956126651	1.0000000000000009	0.9528816986310072	-0.4642095841744445	-0.49805085182609876	-0.49165962570605715	
-0.6542604578802752	-0.6658990529302	-0.6324021386274808	-0.308681767994958	-0.2852769538661811	-0.2945841067244041	0.9588476280745768	0.9528816986310072	1.0000000000000022	-0.4718976755553208	-0.5112366299019082	-0.5040764735187092	
-0.1337528987699103	-0.10858997163575287	-0.14819506042524822	-0.35923851351830954	-0.3344113837154604	-0.3270411622410046	-0.4853949706084186	-0.4642095841744445	-0.4718976755553208	0.9999999999999934	0.9045925126325981	0.9162369144428495	
-0.08527232635777704	-0.05508440652438031	-0.08659849691787067	-0.35412552363458166	-0.32348583625921173	-0.35824005499347494	-0.5242716889453592	-0.49805085182609876	-0.5112366299019082	0.9045925126325981	0.9999999999999947	0.9321574079557201	
-0.08644030326639694	-0.05096051991725448	-0.0950328729854744	-0.38001133897016903	-0.3545658167810802	-0.345111438556935	-0.5232883893877027	-0.49165962570605715	-0.5040764735187092	0.9162369144428495	0.9321574079557201	0.999999999999995	
}

cov_mtx_2:
Matrix{
1.0000000000000064	0.9187875976970695	0.9058477519799562	0.23106194660123988	0.21852904810248877	0.2098942193778116	-0.6518810089185109	-0.6658685470424908	-0.6542604578802752	-0.1337528987699103	-0.08527232635777704	-0.08644030326639694	
0.9187875976970695	0.999999999999999	0.9019252323473992	0.21412242424685615	0.1670608963003073	0.19887316182431666	-0.6623227271408172	-0.6695167425966108	-0.6658990529302	-0.10858997163575287	-0.05508440652438031	-0.05096051991725448	
0.9058477519799562	0.9019252323473992	0.9999999999999902	0.22222494093256157	0.21251321639152287	0.18263817105166752	-0.6309900780401084	-0.6572768728862113	-0.6324021386274808	-0.14819506042524822	-0.08659849691787067	-0.0950328729854744	
0.23106194660123988	0.21412242424685615	0.22222494093256157	0.9999999999999988	0.7277329651125299	0.7845793751664464	-0.27438832402391006	-0.2930352570740782	-0.308681767994958	-0.35923851351830954	-0.35412552363458166	-0.38001133897016903	
0.21852904810248877	0.1670608963003073	0.21251321639152287	0.7277329651125299	0.9999999999999867	0.7177568749644307	-0.27751311290617525	-0.3029904561845542	-0.2852769538661811	-0.3344113837154604	-0.32348583625921173	-0.3545658167810802	
0.2098942193778116	0.19887316182431666	0.18263817105166752	0.7845793751664464	0.7177568749644307	0.9999999999999974	-0.28483995248460187	-0.2882353628567463	-0.2945841067244041	-0.3270411622410046	-0.35824005499347494	-0.345111438556935	
-0.6518810089185109	-0.6623227271408172	-0.6309900780401084	-0.27438832402391006	-0.27751311290617525	-0.28483995248460187	0.9999999999999937	0.9580997956126651	0.9588476280745768	-0.4853949706084186	-0.5242716889453592	-0.5232883893877027	
-0.6658685470424908	-0.6695167425966108	-0.6572768728862113	-0.2930352570740782	-0.3029904561845542	-0.2882353628567463	0.9580997956126651	1.0000000000000009	0.9528816986310072	-0.4642095841744445	-0.49805085182609876	-0.49165962570605715	
-0.6542604578802752	-0.6658990529302	-0.6324021386274808	-0.308681767994958	-0.2852769538661811	-0.2945841067244041	0.9588476280745768	0.9528816986310072	1.0000000000000022	-0.4718976755553208	-0.5112366299019082	-0.5040764735187092	
-0.1337528987699103	-0.10858997163575287	-0.14819506042524822	-0.35923851351830954	-0.3344113837154604	-0.3270411622410046	-0.4853949706084186	-0.4642095841744445	-0.4718976755553208	0.9999999999999934	0.9045925126325981	0.9162369144428495	
-0.08527232635777704	-0.05508440652438031	-0.08659849691787067	-0.35412552363458166	-0.32348583625921173	-0.35824005499347494	-0.5242716889453592	-0.49805085182609876	-0.5112366299019082	0.9045925126325981	0.9999999999999947	0.9321574079557201	
-0.08644030326639694	-0.05096051991725448	-0.0950328729854744	-0.38001133897016903	-0.3545658167810802	-0.345111438556935	-0.5232883893877027	-0.49165962570605715	-0.5040764735187092	0.9162369144428495	0.9321574079557201	0.999999999999995	
}

# decompose debug:
!!! eigenVector sum : 1.0000000000000002 : [0.3431290183452265, 0.34527548862754803, 0.33613703797908, 0.149231619630507, 0.14415578546473723, 0.14499913861979563, -0.4159177934296309, -0.41758153113404145, -0.4161487007019941, 0.1352271397323887, 0.15474938630639698, 0.1523418833614928]
!!! eigenVector sum : 0.9999999999999991 : [-0.15488811932987503, -0.1372051392644779, -0.1546018943624414, -0.3376483413701048, -0.31959843161339613, -0.3264215739153576, -0.08820445962465032, -0.07336353231127374, -0.07827833715316025, 0.4428672353663885, 0.44201612663119433, 0.44697057360733344]
!!! eigenVector sum : 1.0000000000000009 : [0.35489109419074255, 0.3632008246199554, 0.36742657937346906, -0.3984172771761635, -0.404527580790849, -0.42033577368404124, 0.09666324831763069, 0.08995702518479191, 0.10284593762265683, -0.18687216297420745, -0.15455962201330467, -0.1457769156122371]
!!! eigenVector sum : 1.0000000000000016 : [0.022118618345702012, -0.1191422528757108, 0.08842642696472099, -0.3246485420554182, 0.8020301821249678, -0.4661578052425506, 0.0029468776543429298, -0.05452080250647088, 0.03920544819017422, -0.037499418735925806, 0.06433227248809381, -0.038488338222062615]
!!! eigenVector sum : 1.0000000000000009 : [-0.043487683404008506, -0.044892883431807404, 0.061270322739471035, 0.7415781578935082, -0.09554002163212186, -0.6387210079744212, 0.05039631009288142, -0.0010249268985645223, -0.052869686098831886, -0.05054406892494733, 0.12142526671177338, -0.051710457171133865]
!!! eigenVector sum : 0.9999999999999999 : [0.43829558467076635, 0.29651308117612346, -0.7142979907506316, 0.04291695285393123, 0.08466579287668487, -0.14216656573915967, -0.015973674427240306, 0.08660316262055015, -0.06536300345117037, 0.31813167112308993, -0.2432981249655941, -0.09002518406147138]
!!! eigenVector sum : 1.0 : [0.025928180318877635, -0.3326762368832492, 0.34075104073667223, 0.030095020933391194, -0.044945764386101095, -0.015554187631844022, 0.06850544650465967, -0.14722694304398573, 0.06059156767760413, 0.6993048107129368, -0.41673171020743993, -0.27684394652967287]
!!! eigenVector sum : 1.0000000000000002 : [-0.6863661147766802, 0.655608889421703, 0.040327756952809074, -0.00822083061710476, 0.09435584940497217, -0.07161273907644307, 0.002611554981097689, 0.01655256523259935, -0.018465986361599587, 0.2010563011935496, -0.20545883369967982, -0.009718588549399403]
!!! eigenVector sum : 1.0000000000000009 : [0.037787237450503816, -0.11028021899559447, 0.047282369845896066, 0.07016843521881072, 0.029070722983436933, -0.08962221409711085, -0.07388944804862746, -0.004561808635522305, 0.05943820677846179, -0.14698335847946425, -0.6130742103406225, 0.7509303974934811]
!!! eigenVector sum : 1.0000000000000002 : [-0.016815450523071495, -0.10474205406972079, 0.13727359482015128, -0.050008111111617, 0.0387880006708035, 0.002213216405877844, 0.03733607362249194, 0.6728378195270734, -0.7107292490337139, 0.052612821184067196, -0.06219992497697066, 0.003790193485899473]
!!! eigenVector sum : 0.9999999999999999 : [0.01498326032708116, 0.034199598474437556, -0.055156418040242086, -0.04074206407032152, 0.003048709205494395, 0.033279634980277126, 0.8088547615566867, -0.427204183267367, -0.3775333558272107, -0.06356541918282754, -0.017257074337517036, 0.09574795569295855]
!!! eigenVector sum : 1.0000000000000007 : [-0.25324924534534704, -0.24721602171440302, -0.253876854351239, -0.19430095457966037, -0.20150117751187074, -0.18907192962264918, -0.3758796000881372, -0.38012208379219237, -0.3824894109773471, -0.2960214925792598, -0.28775632900652814, -0.3060767392224805]
# pca debug: 
[5.357381072739274, 3.9729877061431274, 1.7281829370063242, 0.30522476935084353, 0.2190980337856319, 0.09981797138337298, 0.09529804090800824, 0.07715363544225526, 0.0633103692294368, 0.0437266924203336, 0.03781877159134998, 3.235419001346862E-15]
# eigen 0:
5.357381072739274
[0.3431290183452265, 0.34527548862754803, 0.33613703797908, 0.149231619630507, 0.14415578546473723, 0.14499913861979563, -0.4159177934296309, -0.41758153113404145, -0.4161487007019941, 0.1352271397323887, 0.15474938630639698, 0.1523418833614928]
# eigen 1:
3.9729877061431274
[-0.15488811932987503, -0.1372051392644779, -0.1546018943624414, -0.3376483413701048, -0.31959843161339613, -0.3264215739153576, -0.08820445962465032, -0.07336353231127374, -0.07827833715316025, 0.4428672353663885, 0.44201612663119433, 0.44697057360733344]

# components number: 2
# EE: (must be zero values): -2.3253051548589277E-16, -1.3280538918190334E-16, 
cov_mtx_pca_mtx:
Matrix{
5.357381072739276	1.721820417730366E-15	
1.721820417730366E-15	3.972987706143137	
}

# components number: 2

# current component: 0
# E: -2.3253051548589277E-16 ; D: 5.357381072739277 ; st_dev: 2.3146017093096765

# current component: 1
# E: -1.3280538918190334E-16 ; D: 3.972987706143137 ; st_dev: 1.9932354868763342
# components number: 2
# EE: (must be zero values): 1.2106020067839802E-16, -3.373411873274824E-17, 
cov_final_mtx:
Matrix{
0.9999999999999992	4.618401854646387E-16	
4.618401854646387E-16	1.0000000000000016	
}

