# components number: 9

# current component: 0
# E: 0.06665011930765291 ; D: 0.3975303856131939 ; st_dev: 0.6305001075441573

# current component: 1
# E: 0.08598122746208159 ; D: 0.4401219507886601 ; st_dev: 0.6634168755681906

# current component: 2
# E: 0.061314674334432336 ; D: 0.3967063466576374 ; st_dev: 0.6298462881192818

# current component: 3
# E: -0.213890345463635 ; D: 0.7388151968940141 ; st_dev: 0.8595435980181657

# current component: 4
# E: -0.20807890921984754 ; D: 0.592841180703557 ; st_dev: 0.7699618047043353

# current component: 5
# E: -0.19816396221358934 ; D: 0.729938923754969 ; st_dev: 0.8543646316151957

# current component: 6
# E: 0.10216256636675587 ; D: 0.6152873845310886 ; st_dev: 0.7844025653521848

# current component: 7
# E: 0.14132624173995953 ; D: 0.49130993228932046 ; st_dev: 0.7009350414191892

# current component: 8
# E: 0.16269838768618997 ; D: 0.6621996488357722 ; st_dev: 0.8137565046349996
# components number: 9
# EE: (must be zero values): -1.3944401189291966E-16, 3.597122599785507E-17, -2.2037927038809358E-17, -7.283063041541027E-17, 1.3322676295501878E-17, 2.842170943040401E-17, -8.704148513061228E-17, 1.1102230246251565E-16, -9.50350909079134E-17, 
cov_mtx:
Matrix{
1.0000000000000004	0.3757399362163803	0.2911140928511026	-0.2870884994280617	-0.25781707693939243	-0.2984124777584976	-0.1256299615232192	-0.165697205846628	-0.18213625309762385	
0.3757399362163803	1.0000000000000007	0.36732371171896966	-0.3992546130785078	-0.34273818862336747	-0.3155836733968424	-0.11431912177314445	-0.07527538920639892	-0.13830606732584122	
0.2911140928511026	0.36732371171896966	1.0000000000000004	-0.279658455454166	-0.28595430639666675	-0.3131000964523933	-0.1368026937586182	-0.2019704596144523	-0.09849601184062119	
-0.2870884994280617	-0.3992546130785078	-0.279658455454166	1.000000000000001	0.602462077930412	0.6316987222037367	-0.5571111303779168	-0.5219634061002932	-0.5385298563292522	
-0.25781707693939243	-0.34273818862336747	-0.28595430639666675	0.602462077930412	1.0000000000000007	0.5708255055579537	-0.5260454082918543	-0.5237938130469164	-0.5231064697609336	
-0.2984124777584976	-0.3155836733968424	-0.3131000964523933	0.6316987222037367	0.5708255055579537	0.9999999999999994	-0.5593530493779899	-0.5196460757376999	-0.5396422395840361	
-0.1256299615232192	-0.11431912177314445	-0.1368026937586182	-0.5571111303779168	-0.5260454082918543	-0.5593530493779899	0.9999999999999999	0.5643127080245739	0.519878032274117	
-0.165697205846628	-0.07527538920639892	-0.2019704596144523	-0.5219634061002932	-0.5237938130469164	-0.5196460757376999	0.5643127080245739	1.0000000000000004	0.5332759811564985	
-0.18213625309762385	-0.13830606732584122	-0.09849601184062119	-0.5385298563292522	-0.5231064697609336	-0.5396422395840361	0.519878032274117	0.5332759811564985	0.9999999999999997	
}

cov_mtx_2:
Matrix{
1.0000000000000004	0.3757399362163803	0.2911140928511026	-0.2870884994280617	-0.25781707693939243	-0.2984124777584976	-0.1256299615232192	-0.165697205846628	-0.18213625309762385	
0.3757399362163803	1.0000000000000007	0.36732371171896966	-0.3992546130785078	-0.34273818862336747	-0.3155836733968424	-0.11431912177314445	-0.07527538920639892	-0.13830606732584122	
0.2911140928511026	0.36732371171896966	1.0000000000000004	-0.279658455454166	-0.28595430639666675	-0.3131000964523933	-0.1368026937586182	-0.2019704596144523	-0.09849601184062119	
-0.2870884994280617	-0.3992546130785078	-0.279658455454166	1.000000000000001	0.602462077930412	0.6316987222037367	-0.5571111303779168	-0.5219634061002932	-0.5385298563292522	
-0.25781707693939243	-0.34273818862336747	-0.28595430639666675	0.602462077930412	1.0000000000000007	0.5708255055579537	-0.5260454082918543	-0.5237938130469164	-0.5231064697609336	
-0.2984124777584976	-0.3155836733968424	-0.3131000964523933	0.6316987222037367	0.5708255055579537	0.9999999999999994	-0.5593530493779899	-0.5196460757376999	-0.5396422395840361	
-0.1256299615232192	-0.11431912177314445	-0.1368026937586182	-0.5571111303779168	-0.5260454082918543	-0.5593530493779899	0.9999999999999999	0.5643127080245739	0.519878032274117	
-0.165697205846628	-0.07527538920639892	-0.2019704596144523	-0.5219634061002932	-0.5237938130469164	-0.5196460757376999	0.5643127080245739	1.0000000000000004	0.5332759811564985	
-0.18213625309762385	-0.13830606732584122	-0.09849601184062119	-0.5385298563292522	-0.5231064697609336	-0.5396422395840361	0.519878032274117	0.5332759811564985	0.9999999999999997	
}

# decompose debug:
!!! eigenVector sum : 0.9999999999999997 : [0.09697399991746486, 0.14482212897822525, 0.10555323583052294, -0.4368094663166222, -0.42131697771782917, -0.430907538255552, 0.37385806421312007, 0.36393907078354504, 0.3636863995001708]
!!! eigenVector sum : 1.0000000000000007 : [-0.4863893390599282, -0.498474587884241, -0.47916711033544723, 0.12380017726488275, 0.1045267257627712, 0.11047330319997632, 0.2747999515460606, 0.3005181489505742, 0.28471834192311474]
!!! eigenVector sum : 1.0000000000000004 : [-0.5971342692558975, -0.13778875278701863, 0.7380172695397214, 0.04928007066176469, -0.030760314757348844, -0.03084485835320186, -0.06811431618876279, -0.15747367878358032, 0.21450358214265838]
!!! eigenVector sum : 1.0000000000000002 : [-0.5385259037899613, 0.7302821490470358, -0.2158423149744571, -0.09685088103494438, -0.05972250027462605, 0.1969250996901506, -0.12455382474761434, 0.2168816727991417, -0.1257467632077618]
!!! eigenVector sum : 1.0000000000000002 : [-0.1272334481023703, -0.039265404029568955, 0.17254289250957675, 0.011404409431873186, 0.1212723105460155, -0.10343445096292078, 0.6448541408123587, 0.07875415121979042, -0.7105800653071758]
!!! eigenVector sum : 1.0000000000000004 : [-0.08482394815767451, 0.18990290976996368, -0.13501689558833121, -0.3140039746614989, 0.6976587945630288, -0.34664522036265166, 0.15729456506792167, -0.39071986042806955, 0.23583772496797298]
!!! eigenVector sum : 1.0000000000000013 : [0.013679693272229699, -0.08577197368534335, 0.13150300441300605, 0.08109257915494143, 0.38560187310614186, -0.433328061252692, -0.4409969349832686, 0.6406961078948946, -0.16478827449235187]
!!! eigenVector sum : 1.0000000000000013 : [-0.07336049006434725, 0.21538599960561847, -0.1561391266239149, 0.7286177877235254, -0.19969285640424383, -0.5473821827935375, 0.08955973610641521, -0.19758568626940706, 0.07998913384140566]
!!! eigenVector sum : 1.0000000000000013 : [0.2801599928767613, 0.2947864162267261, 0.2798694710461961, 0.38193447616687487, 0.3421291941750178, 0.37963322486936674, 0.3485458836439468, 0.3114574507781823, 0.3615891794689235]
# pca debug: 
[3.8280304497526068, 2.1480962157818637, 0.7293020157468237, 0.6311916958455126, 0.4721347371175991, 0.4365234762166637, 0.4096519443062853, 0.3450694652326488, 0.0]
# eigen 0:
3.8280304497526068
[0.09697399991746486, 0.14482212897822525, 0.10555323583052294, -0.4368094663166222, -0.42131697771782917, -0.430907538255552, 0.37385806421312007, 0.36393907078354504, 0.3636863995001708]
# eigen 1:
2.1480962157818637
[-0.4863893390599282, -0.498474587884241, -0.47916711033544723, 0.12380017726488275, 0.1045267257627712, 0.11047330319997632, 0.2747999515460606, 0.3005181489505742, 0.28471834192311474]

# components number: 2
# EE: (must be zero values): -1.7763568394002505E-17, 1.1546319456101627E-17, 
cov_mtx_pca_mtx:
Matrix{
3.8280304497526054	-6.430411758628906E-16	
-6.430411758628906E-16	2.148096215781864	
}

# components number: 2

# current component: 0
# E: -1.7763568394002505E-17 ; D: 3.8280304497526054 ; st_dev: 1.9565353177882083

# current component: 1
# E: 1.1546319456101627E-17 ; D: 2.148096215781864 ; st_dev: 1.465638501057428
# components number: 2
# EE: (must be zero values): -1.4210854715202004E-17, 2.3092638912203255E-17, 
cov_final_mtx:
Matrix{
1.0000000000000004	-2.460254222569347E-16	
-2.460254222569347E-16	1.0000000000000004	
}

